kan weg?
WIN!
Win!
01 01 02 02 03 XX XX 04 XX 
05 06 06 06 03 07 07 04 XX 
05 XX 08 08 09 10 XX 11 11 
XX XX 12 13 09 10 14 14 14 
00 00 12 13 XX XX XX XX XX 
XX 15 XX 13 16 16 17 17 18 
19 15 20 20 21 22 22 22 18 
19 XX 23 23 21 24 24 XX 18 
19 25 25 25 21 XX XX XX XX 

01 01 02 02 03 XX XX 04 XX 
XX 06 06 06 03 07 07 04 XX 
05 XX 08 08 09 10 XX 11 11 
05 XX 12 13 09 10 14 14 14 
00 00 12 13 XX XX XX XX XX 
XX 15 XX 13 16 16 17 17 18 
19 15 20 20 21 22 22 22 18 
19 XX 23 23 21 24 24 XX 18 
19 25 25 25 21 XX XX XX XX 

01 01 02 02 03 XX XX 04 XX 
06 06 06 XX 03 07 07 04 XX 
05 XX 08 08 09 10 XX 11 11 
05 XX 12 13 09 10 14 14 14 
00 00 12 13 XX XX XX XX XX 
XX 15 XX 13 16 16 17 17 18 
19 15 20 20 21 22 22 22 18 
19 XX 23 23 21 24 24 XX 18 
19 25 25 25 21 XX XX XX XX 

01 01 02 02 03 XX XX 04 XX 
06 06 06 XX 03 07 07 04 XX 
05 XX 08 08 XX 10 XX 11 11 
05 XX 12 13 09 10 14 14 14 
00 00 12 13 09 XX XX XX XX 
XX 15 XX 13 16 16 17 17 18 
19 15 20 20 21 22 22 22 18 
19 XX 23 23 21 24 24 XX 18 
19 25 25 25 21 XX XX XX XX 

01 01 02 02 03 XX XX 04 XX 
06 06 06 XX 03 07 07 04 XX 
05 XX 08 08 XX XX XX 11 11 
05 XX 12 13 09 10 14 14 14 
00 00 12 13 09 10 XX XX XX 
XX 15 XX 13 16 16 17 17 18 
19 15 20 20 21 22 22 22 18 
19 XX 23 23 21 24 24 XX 18 
19 25 25 25 21 XX XX XX XX 

01 01 02 02 03 XX XX 04 XX 
06 06 06 XX 03 07 07 04 XX 
05 XX XX XX XX 08 08 11 11 
05 XX 12 13 09 10 14 14 14 
00 00 12 13 09 10 XX XX XX 
XX 15 XX 13 16 16 17 17 18 
19 15 20 20 21 22 22 22 18 
19 XX 23 23 21 24 24 XX 18 
19 25 25 25 21 XX XX XX XX 

01 01 02 02 03 XX XX 04 XX 
06 06 06 XX 03 07 07 04 XX 
05 XX 12 XX XX 08 08 11 11 
05 XX 12 13 09 10 14 14 14 
00 00 XX 13 09 10 XX XX XX 
XX 15 XX 13 16 16 17 17 18 
19 15 20 20 21 22 22 22 18 
19 XX 23 23 21 24 24 XX 18 
19 25 25 25 21 XX XX XX XX 

01 01 02 02 03 XX XX 04 XX 
06 06 06 13 03 07 07 04 XX 
05 XX 12 13 XX 08 08 11 11 
05 XX 12 13 09 10 14 14 14 
00 00 XX XX 09 10 XX XX XX 
XX 15 XX XX 16 16 17 17 18 
19 15 20 20 21 22 22 22 18 
19 XX 23 23 21 24 24 XX 18 
19 25 25 25 21 XX XX XX XX 

01 01 02 02 03 XX XX 04 XX 
06 06 06 13 03 07 07 04 XX 
05 XX 12 13 09 08 08 11 11 
05 XX 12 13 09 10 14 14 14 
00 00 XX XX XX 10 XX XX XX 
XX 15 XX XX 16 16 17 17 18 
19 15 20 20 21 22 22 22 18 
19 XX 23 23 21 24 24 XX 18 
19 25 25 25 21 XX XX XX XX 

01 01 02 02 03 XX XX 04 XX 
06 06 06 13 03 07 07 04 XX 
05 XX 12 13 09 08 08 11 11 
05 XX 12 13 09 10 14 14 14 
00 00 XX XX XX 10 XX XX XX 
XX 15 XX 16 16 XX 17 17 18 
19 15 20 20 21 22 22 22 18 
19 XX 23 23 21 24 24 XX 18 
19 25 25 25 21 XX XX XX XX 

01 01 02 02 03 XX XX 04 XX 
06 06 06 13 03 07 07 04 XX 
05 XX 12 13 09 08 08 11 11 
05 XX 12 13 09 XX 14 14 14 
00 00 XX XX XX 10 XX XX XX 
XX 15 XX 16 16 10 17 17 18 
19 15 20 20 21 22 22 22 18 
19 XX 23 23 21 24 24 XX 18 
19 25 25 25 21 XX XX XX XX 

01 01 02 02 03 XX XX 04 XX 
06 06 06 13 03 07 07 04 XX 
05 XX 12 13 09 08 08 11 11 
05 XX 12 13 09 14 14 14 XX 
00 00 XX XX XX 10 XX XX XX 
XX 15 XX 16 16 10 17 17 18 
19 15 20 20 21 22 22 22 18 
19 XX 23 23 21 24 24 XX 18 
19 25 25 25 21 XX XX XX XX 

01 01 02 02 03 XX XX 04 XX 
06 06 06 13 03 07 07 04 XX 
05 XX 12 13 09 08 08 11 11 
05 XX 12 13 09 14 14 14 18 
00 00 XX XX XX 10 XX XX 18 
XX 15 XX 16 16 10 17 17 18 
19 15 20 20 21 22 22 22 XX 
19 XX 23 23 21 24 24 XX XX 
19 25 25 25 21 XX XX XX XX 

01 01 02 02 03 XX XX 04 XX 
06 06 06 13 03 07 07 04 XX 
05 XX 12 13 09 08 08 11 11 
05 XX 12 13 09 14 14 14 18 
00 00 XX XX XX 10 XX XX 18 
XX 15 XX 16 16 10 17 17 18 
19 15 20 20 21 XX 22 22 22 
19 XX 23 23 21 24 24 XX XX 
19 25 25 25 21 XX XX XX XX 

01 01 02 02 03 XX XX 04 XX 
06 06 06 13 03 07 07 04 XX 
05 XX 12 13 09 08 08 11 11 
05 XX 12 13 09 14 14 14 18 
00 00 XX XX XX 10 XX XX 18 
XX 15 XX 16 16 10 17 17 18 
19 15 20 20 21 XX 22 22 22 
19 XX 23 23 21 XX 24 24 XX 
19 25 25 25 21 XX XX XX XX 

01 01 02 02 03 XX XX 04 XX 
06 06 06 13 03 07 07 04 XX 
05 XX 12 13 09 08 08 11 11 
05 XX 12 13 09 14 14 14 18 
00 00 XX XX XX XX XX XX 18 
XX 15 XX 16 16 XX 17 17 18 
19 15 20 20 21 XX 22 22 22 
19 XX 23 23 21 10 24 24 XX 
19 25 25 25 21 10 XX XX XX 

01 01 02 02 03 XX XX 04 XX 
06 06 06 13 03 07 07 04 XX 
05 XX 12 13 09 08 08 11 11 
05 XX 12 13 09 14 14 14 18 
00 00 XX XX XX XX XX XX 18 
XX 15 XX 16 16 XX 17 17 18 
19 15 20 20 21 22 22 22 XX 
19 XX 23 23 21 10 24 24 XX 
19 25 25 25 21 10 XX XX XX 

01 01 02 02 03 XX XX 04 XX 
06 06 06 13 03 07 07 04 XX 
05 XX 12 13 09 08 08 11 11 
05 XX 12 13 09 14 14 14 XX 
00 00 XX XX XX XX XX XX XX 
XX 15 XX 16 16 XX 17 17 18 
19 15 20 20 21 22 22 22 18 
19 XX 23 23 21 10 24 24 18 
19 25 25 25 21 10 XX XX XX 

18
[Finished in 31987.9s]