Moves: 47
Set Length: 15333498
[Finished in 2248.4s]

1 1 2 2 3 X X 4 X 
5 6 6 6 3 7 7 4 X 
5 X 8 8 9 10 X 11 11 
X X 12 13 9 10 14 14 14 
0 0 12 13 X X X X X 
X 15 X 13 16 16 17 17 18 
19 15 20 20 21 22 22 22 18 
19 X 23 23 21 24 24 X 18 
19 25 25 25 21 X X X X 

1 1 2 2 3 X X 4 X 
X 6 6 6 3 7 7 4 X 
5 X 8 8 9 10 X 11 11 
5 X 12 13 9 10 14 14 14 
0 0 12 13 X X X X X 
X 15 X 13 16 16 17 17 18 
19 15 20 20 21 22 22 22 18 
19 X 23 23 21 24 24 X 18 
19 25 25 25 21 X X X X 

1 1 2 2 3 X X 4 X 
X 6 6 6 3 7 7 4 X 
5 X 8 8 9 10 11 11 X 
5 X 12 13 9 10 14 14 14 
0 0 12 13 X X X X X 
X 15 X 13 16 16 17 17 18 
19 15 20 20 21 22 22 22 18 
19 X 23 23 21 24 24 X 18 
19 25 25 25 21 X X X X 

1 1 2 2 3 X X 4 X 
6 6 6 X 3 7 7 4 X 
5 X 8 8 9 10 11 11 X 
5 X 12 13 9 10 14 14 14 
0 0 12 13 X X X X X 
X 15 X 13 16 16 17 17 18 
19 15 20 20 21 22 22 22 18 
19 X 23 23 21 24 24 X 18 
19 25 25 25 21 X X X X 

1 1 2 2 3 X X 4 X 
6 6 6 X 3 7 7 4 X 
5 8 8 X 9 10 11 11 X 
5 X 12 13 9 10 14 14 14 
0 0 12 13 X X X X X 
X 15 X 13 16 16 17 17 18 
19 15 20 20 21 22 22 22 18 
19 X 23 23 21 24 24 X 18 
19 25 25 25 21 X X X X 

1 1 2 2 3 X X 4 X 
6 6 6 13 3 7 7 4 X 
5 8 8 13 9 10 11 11 X 
5 X 12 13 9 10 14 14 14 
0 0 12 X X X X X X 
X 15 X X 16 16 17 17 18 
19 15 20 20 21 22 22 22 18 
19 X 23 23 21 24 24 X 18 
19 25 25 25 21 X X X X 

1 1 2 2 3 X X 4 X 
6 6 6 13 3 7 7 4 X 
5 8 8 13 9 10 11 11 X 
5 X 12 13 9 10 14 14 14 
0 0 12 X X X X X X 
X 15 16 16 X X 17 17 18 
19 15 20 20 21 22 22 22 18 
19 X 23 23 21 24 24 X 18 
19 25 25 25 21 X X X X 

1 1 2 2 3 X X 4 X 
6 6 6 13 3 7 7 4 X 
5 8 8 13 9 10 11 11 X 
5 X 12 13 9 10 14 14 14 
0 0 12 X X X X X X 
X 15 16 16 X X 17 17 18 
19 15 20 20 21 22 22 22 18 
19 X 23 23 21 X 24 24 18 
19 25 25 25 21 X X X X 

1 1 2 2 3 X X 4 X 
6 6 6 13 3 7 7 4 X 
5 8 8 13 X 10 11 11 X 
5 X 12 13 X 10 14 14 14 
0 0 12 X 9 X X X X 
X 15 16 16 9 X 17 17 18 
19 15 20 20 21 22 22 22 18 
19 X 23 23 21 X 24 24 18 
19 25 25 25 21 X X X X 

1 1 2 2 X X X 4 X 
6 6 6 13 X 7 7 4 X 
5 8 8 13 3 10 11 11 X 
5 X 12 13 3 10 14 14 14 
0 0 12 X 9 X X X X 
X 15 16 16 9 X 17 17 18 
19 15 20 20 21 22 22 22 18 
19 X 23 23 21 X 24 24 18 
19 25 25 25 21 X X X X 

1 1 X X X 2 2 4 X 
6 6 6 13 X 7 7 4 X 
5 8 8 13 3 10 11 11 X 
5 X 12 13 3 10 14 14 14 
0 0 12 X 9 X X X X 
X 15 16 16 9 X 17 17 18 
19 15 20 20 21 22 22 22 18 
19 X 23 23 21 X 24 24 18 
19 25 25 25 21 X X X X 

1 1 X X 3 2 2 4 X 
6 6 6 13 3 7 7 4 X 
5 8 8 13 X 10 11 11 X 
5 X 12 13 X 10 14 14 14 
0 0 12 X 9 X X X X 
X 15 16 16 9 X 17 17 18 
19 15 20 20 21 22 22 22 18 
19 X 23 23 21 X 24 24 18 
19 25 25 25 21 X X X X 

1 1 X X 3 2 2 4 X 
6 6 6 13 3 7 7 4 X 
5 8 8 13 9 10 11 11 X 
5 X 12 13 9 10 14 14 14 
0 0 12 X X X X X X 
X 15 16 16 X X 17 17 18 
19 15 20 20 21 22 22 22 18 
19 X 23 23 21 X 24 24 18 
19 25 25 25 21 X X X X 

X 1 1 X 3 2 2 4 X 
6 6 6 13 3 7 7 4 X 
5 8 8 13 9 10 11 11 X 
5 X 12 13 9 10 14 14 14 
0 0 12 X X X X X X 
X 15 16 16 X X 17 17 18 
19 15 20 20 21 22 22 22 18 
19 X 23 23 21 X 24 24 18 
19 25 25 25 21 X X X X 

X 1 1 13 3 2 2 4 X 
6 6 6 13 3 7 7 4 X 
5 8 8 13 9 10 11 11 X 
5 X 12 X 9 10 14 14 14 
0 0 12 X X X X X X 
X 15 16 16 X X 17 17 18 
19 15 20 20 21 22 22 22 18 
19 X 23 23 21 X 24 24 18 
19 25 25 25 21 X X X X 

X 1 1 13 3 2 2 4 X 
6 6 6 13 3 7 7 4 X 
5 8 8 13 9 10 11 11 X 
5 X 12 X 9 10 14 14 14 
0 0 12 X X X X X X 
X 15 16 16 21 X 17 17 18 
19 15 20 20 21 22 22 22 18 
19 X 23 23 21 X 24 24 18 
19 25 25 25 X X X X X 

X 1 1 13 3 2 2 4 X 
6 6 6 13 3 7 7 4 X 
5 8 8 13 9 10 11 11 X 
5 X 12 X 9 10 14 14 14 
0 0 12 X X X X X X 
X 15 16 16 21 X 17 17 18 
19 15 20 20 21 22 22 22 18 
19 X 23 23 21 24 24 X 18 
19 25 25 25 X X X X X 

X 1 1 13 3 2 2 4 X 
6 6 6 13 3 7 7 4 X 
5 8 8 13 9 10 11 11 X 
5 X 12 X 9 10 14 14 14 
0 0 12 X X X X X X 
X 15 16 16 21 X 17 17 18 
19 15 20 20 21 22 22 22 18 
19 X 23 23 21 24 24 X 18 
19 X X X X 25 25 25 X 

X 1 1 13 3 2 2 4 X 
6 6 6 13 3 7 7 4 X 
5 8 8 13 9 10 11 11 X 
5 X 12 X 9 10 14 14 14 
0 0 12 X X X X X X 
X X 16 16 21 X 17 17 18 
19 X 20 20 21 22 22 22 18 
19 15 23 23 21 24 24 X 18 
19 15 X X X 25 25 25 X 

X 1 1 13 3 2 2 4 X 
6 6 6 13 3 7 7 4 X 
5 8 8 13 9 10 11 11 X 
5 X 12 X 9 10 14 14 14 
0 0 12 X X X X X X 
16 16 X X 21 X 17 17 18 
19 X 20 20 21 22 22 22 18 
19 15 23 23 21 24 24 X 18 
19 15 X X X 25 25 25 X 

X 1 1 13 3 2 2 4 X 
6 6 6 13 3 7 7 4 X 
5 8 8 13 9 10 11 11 X 
5 X X X 9 10 14 14 14 
0 0 12 X X X X X X 
16 16 12 X 21 X 17 17 18 
19 X 20 20 21 22 22 22 18 
19 15 23 23 21 24 24 X 18 
19 15 X X X 25 25 25 X 

X 1 1 13 3 2 2 4 X 
6 6 6 13 3 7 7 4 X 
5 8 8 13 9 10 11 11 X 
5 X X X 9 10 14 14 14 
0 0 12 X X X X X X 
16 16 12 X X X 17 17 18 
19 X 20 20 21 22 22 22 18 
19 15 23 23 21 24 24 X 18 
19 15 X X 21 25 25 25 X 

X 1 1 13 3 2 2 4 X 
6 6 6 13 3 7 7 4 X 
5 8 8 13 9 10 11 11 X 
5 X X X 9 10 14 14 14 
0 0 12 X X X X X X 
16 16 12 X X X 17 17 18 
19 20 20 X 21 22 22 22 18 
19 15 23 23 21 24 24 X 18 
19 15 X X 21 25 25 25 X 

X 1 1 13 3 2 2 4 X 
6 6 6 13 3 7 7 4 X 
5 8 8 13 9 10 11 11 X 
5 X X X 9 10 14 14 14 
0 0 12 X X X X X X 
16 16 12 X X X 17 17 X 
19 20 20 X 21 22 22 22 18 
19 15 23 23 21 24 24 X 18 
19 15 X X 21 25 25 25 18 

X 1 1 13 3 2 2 4 X 
6 6 6 13 3 7 7 4 X 
5 8 8 13 9 X 11 11 X 
5 X X X 9 10 14 14 14 
0 0 12 X X 10 X X X 
16 16 12 X X X 17 17 X 
19 20 20 X 21 22 22 22 18 
19 15 23 23 21 24 24 X 18 
19 15 X X 21 25 25 25 18 

X 1 1 13 3 2 2 4 X 
6 6 6 13 3 7 7 4 X 
5 8 8 13 9 11 11 X X 
5 X X X 9 10 14 14 14 
0 0 12 X X 10 X X X 
16 16 12 X X X 17 17 X 
19 20 20 X 21 22 22 22 18 
19 15 23 23 21 24 24 X 18 
19 15 X X 21 25 25 25 18 

X 1 1 13 3 2 2 X X 
6 6 6 13 3 7 7 4 X 
5 8 8 13 9 11 11 4 X 
5 X X X 9 10 14 14 14 
0 0 12 X X 10 X X X 
16 16 12 X X X 17 17 X 
19 20 20 X 21 22 22 22 18 
19 15 23 23 21 24 24 X 18 
19 15 X X 21 25 25 25 18 

X 1 1 13 3 X 2 2 X 
6 6 6 13 3 7 7 4 X 
5 8 8 13 9 11 11 4 X 
5 X X X 9 10 14 14 14 
0 0 12 X X 10 X X X 
16 16 12 X X X 17 17 X 
19 20 20 X 21 22 22 22 18 
19 15 23 23 21 24 24 X 18 
19 15 X X 21 25 25 25 18 

X 1 1 13 3 X 2 2 X 
6 6 6 13 3 7 7 4 X 
5 8 8 13 9 11 11 4 X 
5 X X X 9 X 14 14 14 
0 0 12 X X 10 X X X 
16 16 12 X X 10 17 17 X 
19 20 20 X 21 22 22 22 18 
19 15 23 23 21 24 24 X 18 
19 15 X X 21 25 25 25 18 

X 1 1 13 3 X 2 2 X 
6 6 6 13 3 7 7 4 X 
5 8 8 13 9 11 11 4 X 
5 X X X 9 14 14 14 X 
0 0 12 X X 10 X X X 
16 16 12 X X 10 17 17 X 
19 20 20 X 21 22 22 22 18 
19 15 23 23 21 24 24 X 18 
19 15 X X 21 25 25 25 18 

X 1 1 13 3 X 2 2 X 
6 6 6 13 3 7 7 4 18 
5 8 8 13 9 11 11 4 18 
5 X X X 9 14 14 14 18 
0 0 12 X X 10 X X X 
16 16 12 X X 10 17 17 X 
19 20 20 X 21 22 22 22 X 
19 15 23 23 21 24 24 X X 
19 15 X X 21 25 25 25 X 

X 1 1 13 3 X 2 2 X 
6 6 6 13 3 7 7 4 18 
5 8 8 13 9 11 11 4 18 
5 X X X 9 14 14 14 18 
0 0 12 X X 10 X X X 
16 16 12 X X 10 17 17 X 
19 20 20 X 21 X 22 22 22 
19 15 23 23 21 24 24 X X 
19 15 X X 21 25 25 25 X 

X 1 1 13 3 X 2 2 X 
6 6 6 13 3 7 7 4 18 
5 8 8 13 9 11 11 4 18 
5 X X X 9 14 14 14 18 
0 0 12 X X X X X X 
16 16 12 X X 10 17 17 X 
19 20 20 X 21 10 22 22 22 
19 15 23 23 21 24 24 X X 
19 15 X X 21 25 25 25 X 

X 1 1 13 3 X 2 2 X 
6 6 6 13 3 7 7 4 18 
5 8 8 13 9 11 11 4 18 
5 X 12 X 9 14 14 14 18 
0 0 12 X X X X X X 
16 16 X X X 10 17 17 X 
19 20 20 X 21 10 22 22 22 
19 15 23 23 21 24 24 X X 
19 15 X X 21 25 25 25 X 

X 1 1 13 3 X 2 2 X 
6 6 6 13 3 7 7 4 18 
5 8 8 13 9 11 11 4 18 
5 X 12 X 9 14 14 14 18 
0 0 12 X X X X X X 
X 16 16 X X 10 17 17 X 
19 20 20 X 21 10 22 22 22 
19 15 23 23 21 24 24 X X 
19 15 X X 21 25 25 25 X 

X 1 1 13 3 X 2 2 X 
6 6 6 13 3 7 7 4 18 
5 8 8 13 9 11 11 4 18 
5 X 12 X 9 14 14 14 18 
0 0 12 X X X X X X 
X 16 16 X X 10 X 17 17 
19 20 20 X 21 10 22 22 22 
19 15 23 23 21 24 24 X X 
19 15 X X 21 25 25 25 X 

X 1 1 13 3 X 2 2 X 
6 6 6 13 3 7 7 4 18 
5 8 8 13 9 11 11 4 18 
5 X 12 X 9 14 14 14 18 
0 0 12 X X X X X X 
19 16 16 X X 10 X 17 17 
19 20 20 X 21 10 22 22 22 
19 15 23 23 21 24 24 X X 
X 15 X X 21 25 25 25 X 

X 1 1 13 3 X 2 2 X 
6 6 6 13 3 7 7 4 18 
5 8 8 13 9 11 11 4 18 
5 X 12 X 9 14 14 14 18 
0 0 12 X X X X X X 
19 16 16 X X 10 X 17 17 
19 20 20 X 21 10 22 22 22 
19 15 23 23 21 X X 24 24 
X 15 X X 21 25 25 25 X 

X 1 1 13 3 X 2 2 X 
6 6 6 13 3 7 7 4 18 
5 8 8 13 9 11 11 4 18 
5 X 12 X 9 14 14 14 18 
0 0 12 X 21 X X X X 
19 16 16 X 21 10 X 17 17 
19 20 20 X 21 10 22 22 22 
19 15 23 23 X X X 24 24 
X 15 X X X 25 25 25 X 

X 1 1 13 3 X 2 2 X 
6 6 6 13 3 7 7 4 18 
5 8 8 13 9 11 11 4 18 
5 X 12 X 9 14 14 14 18 
0 0 12 X 21 X X X X 
19 16 16 X 21 10 X 17 17 
19 20 20 X 21 10 22 22 22 
19 15 X X X 23 23 24 24 
X 15 X X X 25 25 25 X 

X 1 1 13 3 X 2 2 X 
6 6 6 13 3 7 7 4 18 
5 8 8 13 9 11 11 4 18 
5 X 12 X 9 14 14 14 18 
0 0 12 X X X X X X 
19 16 16 X 21 10 X 17 17 
19 20 20 X 21 10 22 22 22 
19 15 X X 21 23 23 24 24 
X 15 X X X 25 25 25 X 

X 1 1 X 3 X 2 2 X 
6 6 6 X 3 7 7 4 18 
5 8 8 X 9 11 11 4 18 
5 X 12 X 9 14 14 14 18 
0 0 12 X X X X X X 
19 16 16 13 21 10 X 17 17 
19 20 20 13 21 10 22 22 22 
19 15 X 13 21 23 23 24 24 
X 15 X X X 25 25 25 X 

X 1 1 X 3 X 2 2 X 
X 6 6 6 3 7 7 4 18 
5 8 8 X 9 11 11 4 18 
5 X 12 X 9 14 14 14 18 
0 0 12 X X X X X X 
19 16 16 13 21 10 X 17 17 
19 20 20 13 21 10 22 22 22 
19 15 X 13 21 23 23 24 24 
X 15 X X X 25 25 25 X 

5 1 1 X 3 X 2 2 X 
5 6 6 6 3 7 7 4 18 
X 8 8 X 9 11 11 4 18 
X X 12 X 9 14 14 14 18 
0 0 12 X X X X X X 
19 16 16 13 21 10 X 17 17 
19 20 20 13 21 10 22 22 22 
19 15 X 13 21 23 23 24 24 
X 15 X X X 25 25 25 X 

5 1 1 X 3 X 2 2 X 
5 6 6 6 3 7 7 4 18 
8 8 X X 9 11 11 4 18 
X X 12 X 9 14 14 14 18 
0 0 12 X X X X X X 
19 16 16 13 21 10 X 17 17 
19 20 20 13 21 10 22 22 22 
19 15 X 13 21 23 23 24 24 
X 15 X X X 25 25 25 X 

5 1 1 X 3 X 2 2 X 
5 6 6 6 3 7 7 4 18 
8 8 12 X 9 11 11 4 18 
X X 12 X 9 14 14 14 18 
0 0 X X X X X X X 
19 16 16 13 21 10 X 17 17 
19 20 20 13 21 10 22 22 22 
19 15 X 13 21 23 23 24 24 
X 15 X X X 25 25 25 X 

5 1 1 X 3 X 2 2 X 
5 6 6 6 3 7 7 4 18 
8 8 12 X 9 11 11 4 18 
X X 12 X 9 14 14 14 18 
X X X X X X X 0 0 
19 16 16 13 21 10 X 17 17 
19 20 20 13 21 10 22 22 22 
19 15 X 13 21 23 23 24 24 
X 15 X X X 25 25 25 X 