Moves: 19
Set Length: 33662905
[Finished in 9482.1s with exit code -9]

1 1 2 2 3 X X 4 X 
5 6 6 6 3 7 7 4 X 
5 X 8 8 9 10 X 11 11 
X X 12 13 9 10 14 14 14 
0 0 12 13 X X X X X 
X 15 X 13 16 16 17 17 18 
19 15 20 20 21 22 22 22 18 
19 X 23 23 21 24 24 X 18 
19 25 25 25 21 X X X X 

1 1 2 2 3 X X 4 X 
X 6 6 6 3 7 7 4 X 
5 X 8 8 9 10 X 11 11 
5 X 12 13 9 10 14 14 14 
0 0 12 13 X X X X X 
X 15 X 13 16 16 17 17 18 
19 15 20 20 21 22 22 22 18 
19 X 23 23 21 24 24 X 18 
19 25 25 25 21 X X X X 

1 1 2 2 3 X X 4 X 
6 6 6 X 3 7 7 4 X 
5 X 8 8 9 10 X 11 11 
5 X 12 13 9 10 14 14 14 
0 0 12 13 X X X X X 
X 15 X 13 16 16 17 17 18 
19 15 20 20 21 22 22 22 18 
19 X 23 23 21 24 24 X 18 
19 25 25 25 21 X X X X 

1 1 2 2 3 X X 4 X 
6 6 6 X 3 7 7 4 X 
5 X 8 8 X 10 X 11 11 
5 X 12 13 9 10 14 14 14 
0 0 12 13 9 X X X X 
X 15 X 13 16 16 17 17 18 
19 15 20 20 21 22 22 22 18 
19 X 23 23 21 24 24 X 18 
19 25 25 25 21 X X X X 

1 1 2 2 3 X X 4 X 
6 6 6 X 3 7 7 4 X 
5 X 8 8 X X X 11 11 
5 X 12 13 9 10 14 14 14 
0 0 12 13 9 10 X X X 
X 15 X 13 16 16 17 17 18 
19 15 20 20 21 22 22 22 18 
19 X 23 23 21 24 24 X 18 
19 25 25 25 21 X X X X 

1 1 2 2 3 X X 4 X 
6 6 6 X 3 7 7 4 X 
5 X X X X 8 8 11 11 
5 X 12 13 9 10 14 14 14 
0 0 12 13 9 10 X X X 
X 15 X 13 16 16 17 17 18 
19 15 20 20 21 22 22 22 18 
19 X 23 23 21 24 24 X 18 
19 25 25 25 21 X X X X 

1 1 2 2 3 X X 4 X 
6 6 6 X 3 7 7 4 X 
5 X 12 X X 8 8 11 11 
5 X 12 13 9 10 14 14 14 
0 0 X 13 9 10 X X X 
X 15 X 13 16 16 17 17 18 
19 15 20 20 21 22 22 22 18 
19 X 23 23 21 24 24 X 18 
19 25 25 25 21 X X X X 

1 1 2 2 3 X X 4 X 
6 6 6 13 3 7 7 4 X 
5 X 12 13 X 8 8 11 11 
5 X 12 13 9 10 14 14 14 
0 0 X X 9 10 X X X 
X 15 X X 16 16 17 17 18 
19 15 20 20 21 22 22 22 18 
19 X 23 23 21 24 24 X 18 
19 25 25 25 21 X X X X 

1 1 2 2 3 X X 4 X 
6 6 6 13 3 7 7 4 X 
5 X 12 13 9 8 8 11 11 
5 X 12 13 9 10 14 14 14 
0 0 X X X 10 X X X 
X 15 X X 16 16 17 17 18 
19 15 20 20 21 22 22 22 18 
19 X 23 23 21 24 24 X 18 
19 25 25 25 21 X X X X 

1 1 2 2 3 X X 4 X 
6 6 6 13 3 7 7 4 X 
5 X 12 13 9 8 8 11 11 
5 X 12 13 9 10 14 14 14 
0 0 X X X 10 X X X 
X 15 X 16 16 X 17 17 18 
19 15 20 20 21 22 22 22 18 
19 X 23 23 21 24 24 X 18 
19 25 25 25 21 X X X X 

1 1 2 2 3 X X 4 X 
6 6 6 13 3 7 7 4 X 
5 X 12 13 9 8 8 11 11 
5 X 12 13 9 X 14 14 14 
0 0 X X X 10 X X X 
X 15 X 16 16 10 17 17 18 
19 15 20 20 21 22 22 22 18 
19 X 23 23 21 24 24 X 18 
19 25 25 25 21 X X X X 

1 1 2 2 3 X X 4 X 
6 6 6 13 3 7 7 4 X 
5 X 12 13 9 8 8 11 11 
5 X 12 13 9 14 14 14 X 
0 0 X X X 10 X X X 
X 15 X 16 16 10 17 17 18 
19 15 20 20 21 22 22 22 18 
19 X 23 23 21 24 24 X 18 
19 25 25 25 21 X X X X 

1 1 2 2 3 X X 4 X 
6 6 6 13 3 7 7 4 X 
5 X 12 13 9 8 8 11 11 
5 X 12 13 9 14 14 14 18 
0 0 X X X 10 X X 18 
X 15 X 16 16 10 17 17 18 
19 15 20 20 21 22 22 22 X 
19 X 23 23 21 24 24 X X 
19 25 25 25 21 X X X X 

1 1 2 2 3 X X 4 X 
6 6 6 13 3 7 7 4 X 
5 X 12 13 9 8 8 11 11 
5 X 12 13 9 14 14 14 18 
0 0 X X X 10 X X 18 
X 15 X 16 16 10 17 17 18 
19 15 20 20 21 X 22 22 22 
19 X 23 23 21 24 24 X X 
19 25 25 25 21 X X X X 

1 1 2 2 3 X X 4 X 
6 6 6 13 3 7 7 4 X 
5 X 12 13 9 8 8 11 11 
5 X 12 13 9 14 14 14 18 
0 0 X X X 10 X X 18 
X 15 X 16 16 10 17 17 18 
19 15 20 20 21 X 22 22 22 
19 X 23 23 21 X 24 24 X 
19 25 25 25 21 X X X X 

1 1 2 2 3 X X 4 X 
6 6 6 13 3 7 7 4 X 
5 X 12 13 9 8 8 11 11 
5 X 12 13 9 14 14 14 18 
0 0 X X X X X X 18 
X 15 X 16 16 X 17 17 18 
19 15 20 20 21 X 22 22 22 
19 X 23 23 21 10 24 24 X 
19 25 25 25 21 10 X X X 

1 1 2 2 3 X X 4 X 
6 6 6 13 3 7 7 4 X 
5 X 12 13 9 8 8 11 11 
5 X 12 13 9 14 14 14 18 
0 0 X X X X X X 18 
X 15 X 16 16 X 17 17 18 
19 15 20 20 21 22 22 22 X 
19 X 23 23 21 10 24 24 X 
19 25 25 25 21 10 X X X 

1 1 2 2 3 X X 4 X 
6 6 6 13 3 7 7 4 X 
5 X 12 13 9 8 8 11 11 
5 X 12 13 9 14 14 14 X 
0 0 X X X X X X X 
X 15 X 16 16 X 17 17 18 
19 15 20 20 21 22 22 22 18 
19 X 23 23 21 10 24 24 18 
19 25 25 25 21 10 X X X 

1 1 2 2 3 X X 4 X 
6 6 6 13 3 7 7 4 X 
5 X 12 13 9 8 8 11 11 
5 X 12 13 9 14 14 14 X 
X X X X X X X 0 0 
X 15 X 16 16 X 17 17 18 
19 15 20 20 21 22 22 22 18 
19 X 23 23 21 10 24 24 18 
19 25 25 25 21 10 X X X 