WIN!
Win!
01 01 02 02 03 XX XX 04 XX 
XX 06 06 06 03 07 07 04 XX 
XX 05 08 08 09 10 XX 11 11 
XX XX 12 13 09 10 14 14 14 
00 00 12 13 XX XX XX XX XX 
XX 15 XX 13 16 16 17 17 18 
19 15 20 20 21 22 22 22 18 
19 XX 23 23 21 24 24 XX 18 
19 25 25 25 21 XX XX XX XX 

01 01 02 02 03 XX XX 04 XX 
XX 06 06 06 03 07 07 04 XX 
XX 05 08 08 09 10 XX 11 11 
XX XX 12 13 09 10 14 14 14 
00 00 12 13 XX XX XX XX XX 
XX 15 XX 13 16 16 17 17 XX 
19 15 20 20 21 22 22 22 18 
19 XX 23 23 21 24 24 XX 18 
19 25 25 25 21 XX XX XX 18 

01 01 02 02 03 XX XX 04 XX 
XX 06 06 06 03 07 07 04 XX 
XX 05 08 08 09 10 XX 11 11 
XX XX 12 13 09 10 14 14 14 
00 00 12 13 XX XX XX XX XX 
XX 15 XX 13 16 16 XX 17 17 
19 15 20 20 21 22 22 22 18 
19 XX 23 23 21 24 24 XX 18 
19 25 25 25 21 XX XX XX 18 

01 01 02 02 03 XX XX 04 XX 
XX 06 06 06 03 07 07 04 XX 
XX 05 08 08 09 10 XX 11 11 
XX XX 12 13 09 10 14 14 14 
00 00 12 13 XX XX XX XX XX 
XX 15 XX 13 XX 16 16 17 17 
19 15 20 20 21 22 22 22 18 
19 XX 23 23 21 24 24 XX 18 
19 25 25 25 21 XX XX XX 18 

01 01 02 02 03 XX XX 04 XX 
XX 06 06 06 03 07 07 04 XX 
XX 05 08 08 XX 10 XX 11 11 
XX XX 12 13 XX 10 14 14 14 
00 00 12 13 09 XX XX XX XX 
XX 15 XX 13 09 16 16 17 17 
19 15 20 20 21 22 22 22 18 
19 XX 23 23 21 24 24 XX 18 
19 25 25 25 21 XX XX XX 18 

01 01 02 02 XX XX XX 04 XX 
XX 06 06 06 XX 07 07 04 XX 
XX 05 08 08 03 10 XX 11 11 
XX XX 12 13 03 10 14 14 14 
00 00 12 13 09 XX XX XX XX 
XX 15 XX 13 09 16 16 17 17 
19 15 20 20 21 22 22 22 18 
19 XX 23 23 21 24 24 XX 18 
19 25 25 25 21 XX XX XX 18 

01 01 XX XX XX 02 02 04 XX 
XX 06 06 06 XX 07 07 04 XX 
XX 05 08 08 03 10 XX 11 11 
XX XX 12 13 03 10 14 14 14 
00 00 12 13 09 XX XX XX XX 
XX 15 XX 13 09 16 16 17 17 
19 15 20 20 21 22 22 22 18 
19 XX 23 23 21 24 24 XX 18 
19 25 25 25 21 XX XX XX 18 

XX XX 01 01 XX 02 02 04 XX 
XX 06 06 06 XX 07 07 04 XX 
XX 05 08 08 03 10 XX 11 11 
XX XX 12 13 03 10 14 14 14 
00 00 12 13 09 XX XX XX XX 
XX 15 XX 13 09 16 16 17 17 
19 15 20 20 21 22 22 22 18 
19 XX 23 23 21 24 24 XX 18 
19 25 25 25 21 XX XX XX 18 

XX XX 01 01 XX 02 02 04 XX 
XX XX 06 06 06 07 07 04 XX 
XX 05 08 08 03 10 XX 11 11 
XX XX 12 13 03 10 14 14 14 
00 00 12 13 09 XX XX XX XX 
XX 15 XX 13 09 16 16 17 17 
19 15 20 20 21 22 22 22 18 
19 XX 23 23 21 24 24 XX 18 
19 25 25 25 21 XX XX XX 18 

XX 05 01 01 XX 02 02 04 XX 
XX XX 06 06 06 07 07 04 XX 
XX XX 08 08 03 10 XX 11 11 
XX XX 12 13 03 10 14 14 14 
00 00 12 13 09 XX XX XX XX 
XX 15 XX 13 09 16 16 17 17 
19 15 20 20 21 22 22 22 18 
19 XX 23 23 21 24 24 XX 18 
19 25 25 25 21 XX XX XX 18 

XX 05 01 01 XX 02 02 04 XX 
06 06 06 XX XX 07 07 04 XX 
XX XX 08 08 03 10 XX 11 11 
XX XX 12 13 03 10 14 14 14 
00 00 12 13 09 XX XX XX XX 
XX 15 XX 13 09 16 16 17 17 
19 15 20 20 21 22 22 22 18 
19 XX 23 23 21 24 24 XX 18 
19 25 25 25 21 XX XX XX 18 

XX 05 01 01 XX 02 02 04 XX 
06 06 06 XX XX 07 07 04 XX 
08 08 XX XX 03 10 XX 11 11 
XX XX 12 13 03 10 14 14 14 
00 00 12 13 09 XX XX XX XX 
XX 15 XX 13 09 16 16 17 17 
19 15 20 20 21 22 22 22 18 
19 XX 23 23 21 24 24 XX 18 
19 25 25 25 21 XX XX XX 18 

XX 05 01 01 03 02 02 04 XX 
06 06 06 XX 03 07 07 04 XX 
08 08 XX XX XX 10 XX 11 11 
XX XX 12 13 XX 10 14 14 14 
00 00 12 13 09 XX XX XX XX 
XX 15 XX 13 09 16 16 17 17 
19 15 20 20 21 22 22 22 18 
19 XX 23 23 21 24 24 XX 18 
19 25 25 25 21 XX XX XX 18 

XX 05 01 01 03 02 02 04 XX 
06 06 06 XX 03 07 07 04 XX 
08 08 12 XX XX 10 XX 11 11 
XX XX 12 13 XX 10 14 14 14 
00 00 XX 13 09 XX XX XX XX 
XX 15 XX 13 09 16 16 17 17 
19 15 20 20 21 22 22 22 18 
19 XX 23 23 21 24 24 XX 18 
19 25 25 25 21 XX XX XX 18 

XX 05 01 01 03 02 02 04 XX 
06 06 06 13 03 07 07 04 XX 
08 08 12 13 XX 10 XX 11 11 
XX XX 12 13 XX 10 14 14 14 
00 00 XX XX 09 XX XX XX XX 
XX 15 XX XX 09 16 16 17 17 
19 15 20 20 21 22 22 22 18 
19 XX 23 23 21 24 24 XX 18 
19 25 25 25 21 XX XX XX 18 

XX 05 01 01 03 02 02 04 XX 
06 06 06 13 03 07 07 04 XX 
08 08 12 13 09 10 XX 11 11 
XX XX 12 13 09 10 14 14 14 
00 00 XX XX XX XX XX XX XX 
XX 15 XX XX XX 16 16 17 17 
19 15 20 20 21 22 22 22 18 
19 XX 23 23 21 24 24 XX 18 
19 25 25 25 21 XX XX XX 18 

16
[Finished in 1817.3s]