Moves: 25
Set Length: 365
[Finished in 0.1s]

X 1 1 2 2 2 
X 3 3 4 5 5 
0 0 6 4 X 7 
8 8 6 9 9 7 
10 X 11 X 12 12 
10 X 11 X X X 

X 1 1 2 2 2 
X 3 3 4 5 5 
0 0 6 4 X 7 
8 8 6 9 9 7 
10 X 11 12 12 X 
10 X 11 X X X 

X 1 1 2 2 2 
X 3 3 4 5 5 
0 0 6 4 X X 
8 8 6 9 9 7 
10 X 11 12 12 7 
10 X 11 X X X 

1 1 X 2 2 2 
X 3 3 4 5 5 
0 0 6 4 X X 
8 8 6 9 9 7 
10 X 11 12 12 7 
10 X 11 X X X 

1 1 X 2 2 2 
3 3 X 4 5 5 
0 0 6 4 X X 
8 8 6 9 9 7 
10 X 11 12 12 7 
10 X 11 X X X 

1 1 6 2 2 2 
3 3 6 4 5 5 
0 0 X 4 X X 
8 8 X 9 9 7 
10 X 11 12 12 7 
10 X 11 X X X 

1 1 6 2 2 2 
3 3 6 4 5 5 
0 0 X 4 X X 
8 8 X 9 9 X 
10 X 11 12 12 7 
10 X 11 X X 7 

1 1 6 2 2 2 
3 3 6 4 5 5 
0 0 X 4 X X 
8 8 X X 9 9 
10 X 11 12 12 7 
10 X 11 X X 7 

1 1 6 2 2 2 
3 3 6 4 5 5 
0 0 11 4 X X 
8 8 11 X 9 9 
10 X X 12 12 7 
10 X X X X 7 

1 1 6 2 2 2 
3 3 6 4 5 5 
0 0 11 4 X X 
8 8 11 X 9 9 
10 12 12 X X 7 
10 X X X X 7 

1 1 6 2 2 2 
3 3 6 X 5 5 
0 0 11 X X X 
8 8 11 X 9 9 
10 12 12 4 X 7 
10 X X 4 X 7 

1 1 6 2 2 2 
3 3 6 5 5 X 
0 0 11 X X X 
8 8 11 X 9 9 
10 12 12 4 X 7 
10 X X 4 X 7 

1 1 6 2 2 2 
3 3 6 5 5 X 
0 0 11 X X X 
8 8 11 9 9 X 
10 12 12 4 X 7 
10 X X 4 X 7 

1 1 6 2 2 2 
3 3 6 5 5 7 
0 0 11 X X 7 
8 8 11 9 9 X 
10 12 12 4 X X 
10 X X 4 X X 

1 1 6 2 2 2 
3 3 6 5 5 7 
0 0 11 X X 7 
8 8 11 X 9 9 
10 12 12 4 X X 
10 X X 4 X X 

1 1 6 2 2 2 
3 3 6 5 5 7 
0 0 11 4 X 7 
8 8 11 4 9 9 
10 12 12 X X X 
10 X X X X X 

1 1 6 2 2 2 
3 3 6 5 5 7 
0 0 11 4 X 7 
8 8 11 4 9 9 
10 X X 12 12 X 
10 X X X X X 

1 1 6 2 2 2 
3 3 6 5 5 7 
0 0 X 4 X 7 
8 8 11 4 9 9 
10 X 11 12 12 X 
10 X X X X X 

1 1 6 2 2 2 
3 3 6 5 5 7 
0 0 X 4 X 7 
8 8 11 4 9 9 
10 X 11 X 12 12 
10 X X X X X 

1 1 6 2 2 2 
3 3 6 5 5 7 
0 0 X X X 7 
8 8 11 4 9 9 
10 X 11 4 12 12 
10 X X X X X 

1 1 6 2 2 2 
3 3 6 5 5 7 
X X X 0 0 7 
8 8 11 4 9 9 
10 X 11 4 12 12 
10 X X X X X 

1 1 X 2 2 2 
3 3 6 5 5 7 
X X 6 0 0 7 
8 8 11 4 9 9 
10 X 11 4 12 12 
10 X X X X X 

1 1 2 2 2 X 
3 3 6 5 5 7 
X X 6 0 0 7 
8 8 11 4 9 9 
10 X 11 4 12 12 
10 X X X X X 

1 1 2 2 2 7 
3 3 6 5 5 7 
X X 6 0 0 X 
8 8 11 4 9 9 
10 X 11 4 12 12 
10 X X X X X 

1 1 2 2 2 7 
3 3 6 5 5 7 
X X 6 X 0 0 
8 8 11 4 9 9 
10 X 11 4 12 12 
10 X X X X X 